[gd_scene format=3 uid="uid://dwk7ucjj6b638"]

[ext_resource type="PackedScene" uid="uid://ndsc4j1fx4j2" path="res://assets/models/spider.glb" id="1_neq0i"]
[ext_resource type="Texture2D" uid="uid://cs8pa86igta7h" path="res://assets/images/spider.png" id="2_jncid"]

[sub_resource type="StandardMaterial3D" id="StandardMaterial3D_md22f"]
albedo_color = Color(5.912981, 0.34431335, 0, 1)
albedo_texture = ExtResource("2_jncid")
texture_filter = 0

[sub_resource type="CapsuleShape3D" id="CapsuleShape3D_neq0i"]
radius = 0.10646633
height = 1.0646633

[sub_resource type="CapsuleShape3D" id="CapsuleShape3D_jncid"]
radius = 0.12085277
height = 1.2085277

[sub_resource type="CapsuleShape3D" id="CapsuleShape3D_qnbj4"]
radius = 0.13485391
height = 1.3485391

[sub_resource type="CapsuleShape3D" id="CapsuleShape3D_r3bxh"]
radius = 0.05936395
height = 0.5936395

[sub_resource type="CapsuleShape3D" id="CapsuleShape3D_wqpjq"]
radius = 0.100085214
height = 1.0008521

[sub_resource type="CapsuleShape3D" id="CapsuleShape3D_2cdgk"]
radius = 0.016674694
height = 0.16674694

[sub_resource type="CapsuleShape3D" id="CapsuleShape3D_2avx2"]
radius = 0.029818188
height = 0.2981819

[sub_resource type="CapsuleShape3D" id="CapsuleShape3D_5f346"]
radius = 0.02963001
height = 0.29630008

[sub_resource type="CapsuleShape3D" id="CapsuleShape3D_0onds"]
radius = 0.016674694
height = 0.16674694

[sub_resource type="CapsuleShape3D" id="CapsuleShape3D_8eiau"]
radius = 0.029818188
height = 0.2981819

[sub_resource type="CapsuleShape3D" id="CapsuleShape3D_gqd3i"]
radius = 0.12861446
height = 1.2861445

[sub_resource type="CapsuleShape3D" id="CapsuleShape3D_mautr"]
radius = 0.12707964
height = 1.2707964

[sub_resource type="CapsuleShape3D" id="CapsuleShape3D_ho3mf"]
radius = 0.113162555
height = 1.1316255

[sub_resource type="CapsuleShape3D" id="CapsuleShape3D_7apjh"]
radius = 0.12479409
height = 1.2479409

[sub_resource type="CapsuleShape3D" id="CapsuleShape3D_qh5fr"]
radius = 0.12977833
height = 1.2977833

[sub_resource type="CapsuleShape3D" id="CapsuleShape3D_4dlq0"]
radius = 0.1083531
height = 1.083531

[sub_resource type="CapsuleShape3D" id="CapsuleShape3D_25au8"]
radius = 0.13027282
height = 1.3027282

[sub_resource type="CapsuleShape3D" id="CapsuleShape3D_nk50o"]
radius = 0.14055055
height = 1.4055055

[sub_resource type="CapsuleShape3D" id="CapsuleShape3D_325t2"]
radius = 0.12861447
height = 1.2861447

[sub_resource type="CapsuleShape3D" id="CapsuleShape3D_bagrn"]
radius = 0.1270796
height = 1.2707961

[sub_resource type="CapsuleShape3D" id="CapsuleShape3D_p3gxo"]
radius = 0.11316252
height = 1.1316252

[sub_resource type="CapsuleShape3D" id="CapsuleShape3D_0dd2w"]
radius = 0.12479405
height = 1.2479405

[sub_resource type="CapsuleShape3D" id="CapsuleShape3D_tj5kv"]
radius = 0.12977834
height = 1.2977834

[sub_resource type="CapsuleShape3D" id="CapsuleShape3D_e1yhm"]
radius = 0.10835308
height = 1.0835308

[sub_resource type="CapsuleShape3D" id="CapsuleShape3D_pbxxu"]
radius = 0.13027282
height = 1.3027282

[sub_resource type="CapsuleShape3D" id="CapsuleShape3D_eyxkr"]
radius = 0.14055057
height = 1.4055057

[node name="boss" unique_id=368986641 instance=ExtResource("1_neq0i")]

[node name="Skeleton3D" parent="Esqueleto" parent_id_path=PackedInt32Array(2050409782) index="0" unique_id=600945900]
animate_physical_bones = false
bones/1/position = Vector3(1.2569221e-16, 0.5700794, -0.899176)
bones/1/rotation = Quaternion(-0.7115967, 7.849983e-17, 7.849981e-17, 0.70258814)
bones/2/position = Vector3(6.619531e-09, -0.9797804, 0.7717254)
bones/2/rotation = Quaternion(0.21507415, -0.01992104, 0.0027727154, 0.9763906)
bones/3/rotation = Quaternion(-0.2585234, -1.14968095e-07, -3.050732e-08, 0.966005)
bones/4/position = Vector3(-0.06135896, -1.0177431, 0.116329625)
bones/4/rotation = Quaternion(0.99997896, 1.2899719e-06, -0.00019891244, -0.006484987)
bones/5/position = Vector3(0.061132737, -0.08217847, -0.584737)
bones/5/rotation = Quaternion(-0.008405658, 0.051889468, 0.00042488996, 0.99861735)
bones/6/rotation = Quaternion(0.3024621, -0.051931635, -0.31333688, 0.89868784)
bones/9/rotation = Quaternion(0.23893751, -0.13750663, -0.18258503, 0.9437497)
bones/12/rotation = Quaternion(0.30246207, 0.051931646, 0.31333697, 0.8986878)
bones/15/rotation = Quaternion(0.23893751, 0.13750663, 0.18258503, 0.9437497)
bones/18/rotation = Quaternion(-0.47568858, -0.15292263, -0.3588631, 0.78838587)
bones/19/rotation = Quaternion(0.58067995, -0.0650872, -0.24903041, 0.772372)
bones/20/rotation = Quaternion(0.34067896, 0.33478716, -0.2071772, 0.8537758)
bones/21/rotation = Quaternion(-0.43118665, -0.4013962, -0.40664497, 0.69828296)
bones/22/rotation = Quaternion(0.25516292, 0.26974392, -0.21477993, 0.90332705)
bones/23/rotation = Quaternion(0.19245167, -0.105112255, -0.11592685, 0.9687491)
bones/24/rotation = Quaternion(-0.6763127, -0.2697308, -0.37214366, 0.57563484)
bones/25/rotation = Quaternion(0.17218833, 0.37677193, -0.5789279, 0.70230806)
bones/26/rotation = Quaternion(0.16399738, -0.1222244, -0.19318758, 0.9596066)
bones/27/rotation = Quaternion(0.75765187, 0.26330853, 0.31697497, -0.5061219)
bones/28/rotation = Quaternion(0.21553703, 0.58761007, -0.5403331, 0.56240416)
bones/29/rotation = Quaternion(0.13601318, -0.17324811, -0.11894663, 0.9681618)
bones/30/rotation = Quaternion(-0.15570965, 0.4452768, 0.1881764, 0.86143637)
bones/31/rotation = Quaternion(0.12073958, 0.20575668, 0.1294668, 0.96245754)
bones/32/rotation = Quaternion(0.00056359684, 0.124761716, 0.32237902, 0.9383528)
bones/33/rotation = Quaternion(-0.52520543, 0.24828742, 0.45461455, 0.6751579)
bones/34/rotation = Quaternion(0.21824366, -0.052642584, 0.40984347, 0.8840966)
bones/35/rotation = Quaternion(0.2062653, 0.061220057, 0.32234553, 0.92184603)
bones/36/rotation = Quaternion(-0.55885136, 0.44353884, 0.47214648, 0.5177221)
bones/37/rotation = Quaternion(0.09971732, -0.45985144, 0.18800023, 0.86211896)
bones/38/rotation = Quaternion(0.34267303, -0.06978393, 0.15722409, 0.9235725)
bones/39/rotation = Quaternion(0.86326736, -0.15848394, -0.44590017, -0.17557125)
bones/40/rotation = Quaternion(0.11662908, -0.68314344, 0.31780884, 0.6470784)
bones/41/rotation = Quaternion(0.0132859005, -0.111483455, 0.00022011995, 0.9936775)

[node name="spider" parent="Esqueleto/Skeleton3D" index="0" unique_id=235328328]
material_override = SubResource("StandardMaterial3D_md22f")

[node name="PhysicalBoneSimulator3D" type="PhysicalBoneSimulator3D" parent="Esqueleto/Skeleton3D" index="1" unique_id=18246559]

[node name="Physical Bone root" type="PhysicalBone3D" parent="Esqueleto/Skeleton3D/PhysicalBoneSimulator3D" index="0" unique_id=463668329]
transform = Transform3D(1, -7.484914e-17, -1.180582e-16, 0, 0.8445637, -0.53545517, 1.39786e-16, 0.53545517, 0.8445637, 6.284611e-17, 0.28503972, -0.449588)
joint_offset = Transform3D(1, 0, 0, 0, 1, 0, 0, 0, 1, 6.617445e-24, 1.4901161e-08, 0.53233165)
body_offset = Transform3D(1, -7.484914e-17, -1.180582e-16, 0, 0.8445637, -0.53545517, 1.39786e-16, 0.53545517, 0.8445637, 6.284611e-17, 0.28503972, -0.449588)
bone_name = "root"

[node name="CollisionShape3D" type="CollisionShape3D" parent="Esqueleto/Skeleton3D/PhysicalBoneSimulator3D/Physical Bone root" index="0" unique_id=802471966]
transform = Transform3D(1, 0, 0, 0, 0, 1, 0, -1, 0, 0, 0, 0)
shape = SubResource("CapsuleShape3D_neq0i")

[node name="Physical Bone root_002" type="PhysicalBone3D" parent="Esqueleto/Skeleton3D/PhysicalBoneSimulator3D" index="1" unique_id=1962029114]
transform = Transform3D(-1, -5.6027206e-16, 1.6377357e-16, -5.3697087e-16, 0.7729492, -0.63446796, 2.2888598e-16, -0.63446796, -0.7729492, 2.673242e-17, 0.9535055, -0.432086)
joint_type = 1
joint_offset = Transform3D(1, 0, 0, 0, 1, 0, 0, 0, 1, 1.8502376e-20, -1.5318394e-05, 0.60430837)
body_offset = Transform3D(-1, -4.204966e-16, 3.3628616e-16, 0, 0.62456936, 0.7809696, -5.38429e-16, 0.7809696, -0.62456936, -2.0320847e-16, -0.4719369, 0.37744445)
bone_name = "root.002"
joint_constraints/bias = 0.3
joint_constraints/damping = 1.0
joint_constraints/impulse_clamp = 0.0

[node name="CollisionShape3D" type="CollisionShape3D" parent="Esqueleto/Skeleton3D/PhysicalBoneSimulator3D/Physical Bone root_002" index="0" unique_id=421067914]
transform = Transform3D(1, 0, 0, 0, 0, 1, 0, -1, 0, 0, 0, 0)
shape = SubResource("CapsuleShape3D_jncid")

[node name="Physical Bone torso" type="PhysicalBone3D" parent="Esqueleto/Skeleton3D/PhysicalBoneSimulator3D" index="2" unique_id=468360034]
transform = Transform3D(0.99919564, -0.037582323, 0.013987914, 0.040017772, 0.9120273, -0.4081725, 0.0025827088, 0.4084039, 0.9127977, -0.009438292, 1.6295485, -0.54480314)
joint_type = 2
joint_offset = Transform3D(1, 0, 0, 0, 1, 0, 0, 0, 1, 2.4858966e-06, -8.699125e-05, 0.67433554)
body_offset = Transform3D(1, 0.00012829073, 9.141164e-06, 9.126496e-06, 0.00012549758, -1.0000001, -0.00012829143, 1.0000001, 0.00012546778, -8.638948e-06, 0.6743356, 2.3841858e-06)
bone_name = "torso"
joint_constraints/swing_span = 45.0
joint_constraints/twist_span = 180.0
joint_constraints/bias = 0.3
joint_constraints/softness = 0.8
joint_constraints/relaxation = 1.0

[node name="CollisionShape3D" type="CollisionShape3D" parent="Esqueleto/Skeleton3D/PhysicalBoneSimulator3D/Physical Bone torso" index="0" unique_id=1203746606]
transform = Transform3D(1, 0, 0, 0, 0, 1, 0, -1, 0, 0, 0, 0)
shape = SubResource("CapsuleShape3D_qnbj4")

[node name="Physical Bone root_001" type="PhysicalBone3D" parent="Esqueleto/Skeleton3D/PhysicalBoneSimulator3D" index="3" unique_id=129204758]
transform = Transform3D(0.9945405, 0.014445555, -0.103347145, -0.10435184, 0.13744777, -0.98499686, -2.399171e-05, 0.9904037, 0.13820478, -0.030583134, 0.99333274, 0.07599886)
joint_type = 1
joint_offset = Transform3D(1, 0, 0, 0, 1, 0, 0, 0, 1, 6.7252666e-05, -0.00023970008, 0.2984044)
body_offset = Transform3D(0.99458194, 0.014390782, -0.1029553, 3.3251126e-09, 0.9903721, 0.13843128, 0.10395617, -0.13768125, 0.98500615, 0.030658875, -0.04107111, -0.29397017)
bone_name = "root.001"
joint_constraints/bias = 0.3
joint_constraints/damping = 1.0
joint_constraints/impulse_clamp = 0.0

[node name="CollisionShape3D" type="CollisionShape3D" parent="Esqueleto/Skeleton3D/PhysicalBoneSimulator3D/Physical Bone root_001" index="0" unique_id=954887182]
transform = Transform3D(1, 0, 0, 0, 0, 1, 0, -1, 0, 0, 0, 0)
shape = SubResource("CapsuleShape3D_r3bxh")

[node name="Physical Bone head" type="PhysicalBone3D" parent="Esqueleto/Skeleton3D/PhysicalBoneSimulator3D" index="4" unique_id=842188422]
transform = Transform3D(-0.65200585, -0.7435008, -0.14864393, -0.75812817, 0.64223003, 0.113058954, 0.011404161, 0.18640627, -0.98240656, 0.07443009, 1.2274476, 0.52660036)
joint_type = 1
joint_offset = Transform3D(1, 0, 0, 0, 1, 0, 0, 0, 1, -2.9500574e-05, 7.079914e-05, 0.5004596)
body_offset = Transform3D(-0.7267958, -0.67321914, -0.13617659, 9.313226e-09, 0.19826141, -0.9801492, 0.6868536, -0.71236825, -0.14409553, 0.068177104, 0.4905111, 0.07218468)
bone_name = "head"
joint_constraints/bias = 0.3
joint_constraints/damping = 1.0
joint_constraints/impulse_clamp = 0.0

[node name="CollisionShape3D" type="CollisionShape3D" parent="Esqueleto/Skeleton3D/PhysicalBoneSimulator3D/Physical Bone head" index="0" unique_id=455151510]
transform = Transform3D(1, 0, 0, 0, 0, 1, 0, -1, 0, 0, 0, 0)
shape = SubResource("CapsuleShape3D_wqpjq")

[node name="Physical Bone fang11_l" type="PhysicalBone3D" parent="Esqueleto/Skeleton3D/PhysicalBoneSimulator3D" index="5" unique_id=1099636881]
transform = Transform3D(0.78507185, -0.19668926, -0.5873462, 0.16827251, -0.8448547, 0.50784343, -0.5961095, -0.49752775, -0.6301743, 0.19776165, 1.1285889, 1.0707364)
joint_type = 1
joint_offset = Transform3D(1, 0, 0, 0, 1, 0, 0, 0, 1, -1.3133182e-05, -9.660162e-06, 0.083385)
body_offset = Transform3D(0.9999999, 1.8775463e-06, 5.9604645e-06, 5.8710575e-06, 3.2812357e-05, -0.99999994, -1.8775463e-06, 1, 3.2931566e-05, 1.2636185e-05, 0.08338499, 6.914139e-06)
bone_name = "fang11.l"
joint_constraints/bias = 0.3
joint_constraints/damping = 1.0
joint_constraints/impulse_clamp = 0.0

[node name="CollisionShape3D" type="CollisionShape3D" parent="Esqueleto/Skeleton3D/PhysicalBoneSimulator3D/Physical Bone fang11_l" index="0" unique_id=314102406]
transform = Transform3D(1, 0, 0, 0, 0, 1, 0, -1, 0, 0, 0, 0)
shape = SubResource("CapsuleShape3D_2cdgk")

[node name="Physical Bone fang21_l" type="PhysicalBone3D" parent="Esqueleto/Skeleton3D/PhysicalBoneSimulator3D" index="6" unique_id=350160272]
transform = Transform3D(0.9092147, -0.25671333, -0.32776052, -0.085665226, -0.885778, 0.45613468, -0.40741888, -0.3866467, -0.8273538, 0.4540711, 1.1099628, 0.96043366)
joint_type = 1
joint_offset = Transform3D(1, 0, 0, 0, 1, 0, 0, 0, 1, -7.1829404e-06, -6.7993833e-06, 0.14907637)
body_offset = Transform3D(0.99999994, 1.4007092e-06, 4.2021275e-06, 4.172325e-06, -1.4901161e-07, -1, -1.4007092e-06, 0.9999999, 2.9802322e-08, 6.556511e-06, 0.14907637, 6.7949295e-06)
bone_name = "fang21.l"
joint_constraints/bias = 0.3
joint_constraints/damping = 1.0
joint_constraints/impulse_clamp = 0.0

[node name="CollisionShape3D" type="CollisionShape3D" parent="Esqueleto/Skeleton3D/PhysicalBoneSimulator3D/Physical Bone fang21_l" index="0" unique_id=439258910]
transform = Transform3D(1, 0, 0, 0, 0, 1, 0, -1, 0, 0, 0, 0)
shape = SubResource("CapsuleShape3D_2avx2")

[node name="Physical Bone fang22_l" type="PhysicalBone3D" parent="Esqueleto/Skeleton3D/PhysicalBoneSimulator3D" index="7" unique_id=1167223476]
transform = Transform3D(0.9298832, -0.31407633, 0.19150305, -0.29193637, -0.31334582, 0.90365237, -0.22380912, -0.89619774, -0.3830653, 0.47456786, 0.9080777, 1.1405568)
joint_type = 1
joint_offset = Transform3D(1, 0, 0, 0, 1, 0, 0, 0, 1, -6.7777637e-07, 2.6844573e-06, 0.14815436)
body_offset = Transform3D(1, 2.2649765e-06, 6.9886446e-06, 6.9588423e-06, -6.854534e-06, -1.0000001, -2.2649765e-06, 1.0000001, -6.854534e-06, -3.5762787e-07, 0.14815438, -1.66893e-06)
bone_name = "fang22.l"
joint_constraints/bias = 0.3
joint_constraints/damping = 1.0
joint_constraints/impulse_clamp = 0.0

[node name="CollisionShape3D" type="CollisionShape3D" parent="Esqueleto/Skeleton3D/PhysicalBoneSimulator3D/Physical Bone fang22_l" index="0" unique_id=1145203247]
transform = Transform3D(1, 0, 0, 0, 0, 1, 0, -1, 0, 0, 0, 0)
shape = SubResource("CapsuleShape3D_5f346")

[node name="Physical Bone fang11_r" type="PhysicalBone3D" parent="Esqueleto/Skeleton3D/PhysicalBoneSimulator3D" index="8" unique_id=741888614]
transform = Transform3D(0.80289054, 0.3660029, 0.4705408, -0.0034234354, -0.78648657, 0.61759794, 0.5961166, -0.4974744, -0.63020974, -0.16157615, 1.0913032, 1.0707383)
joint_type = 1
joint_offset = Transform3D(1, 0, 0, 0, 1, 0, 0, 0, 1, -1.2438187e-06, -7.943405e-06, 0.08336848)
body_offset = Transform3D(0.9999999, 1.5556812e-05, -8.672476e-06, -8.612871e-06, 0.000100791454, -1, -1.5586615e-05, 1, 0.00010100007, 1.9669533e-06, 0.08336848, -4.7683716e-07)
bone_name = "fang11.r"
joint_constraints/bias = 0.3
joint_constraints/damping = 1.0
joint_constraints/impulse_clamp = 0.0

[node name="CollisionShape3D" type="CollisionShape3D" parent="Esqueleto/Skeleton3D/PhysicalBoneSimulator3D/Physical Bone fang11_r" index="0" unique_id=407725471]
transform = Transform3D(1, 0, 0, 0, 0, 1, 0, -1, 0, 0, 0, 0)
shape = SubResource("CapsuleShape3D_0onds")

[node name="Physical Bone fang21_r" type="PhysicalBone3D" parent="Esqueleto/Skeleton3D/PhysicalBoneSimulator3D" index="9" unique_id=1827363695]
transform = Transform3D(0.87223613, 0.43317068, 0.22708437, 0.27058607, -0.8141683, 0.51372486, 0.40741542, -0.38664353, -0.82735693, -0.40861475, 1.0204182, 0.9604514)
joint_type = 1
joint_offset = Transform3D(1, 0, 0, 0, 1, 0, 0, 0, 1, 1.9290162e-06, 3.2111761e-06, 0.14909002)
body_offset = Transform3D(1, -2.8312206e-07, -8.940697e-06, -8.910894e-06, 3.0696392e-06, -1, 2.3841858e-07, 0.9999999, 3.2484531e-06, -5.9604645e-07, 0.14909002, -3.695488e-06)
bone_name = "fang21.r"
joint_constraints/bias = 0.3
joint_constraints/damping = 1.0
joint_constraints/impulse_clamp = 0.0

[node name="CollisionShape3D" type="CollisionShape3D" parent="Esqueleto/Skeleton3D/PhysicalBoneSimulator3D/Physical Bone fang21_r" index="0" unique_id=1236930923]
transform = Transform3D(1, 0, 0, 0, 0, 1, 0, -1, 0, 0, 0, 0)
shape = SubResource("CapsuleShape3D_8eiau")

[node name="Physical Bone leg21_l" type="PhysicalBone3D" parent="Esqueleto/Skeleton3D/PhysicalBoneSimulator3D" index="10" unique_id=1249392561]
transform = Transform3D(0.6954287, 0.10007924, -0.7115919, -0.58271974, -0.5009214, -0.639934, -0.42049575, 0.8596871, -0.290037, 0.87845576, 1.6530576, 0.7133353)
joint_type = 2
joint_offset = Transform3D(1, 0, 0, 0, 1, 0, 0, 0, 1, -2.8855493e-06, 1.5831765e-05, 0.6430984)
body_offset = Transform3D(0.99999994, 2.8312206e-06, -4.4107437e-06, -4.3958426e-06, -1.9133091e-05, -0.99999994, -2.8014183e-06, 0.99999994, -1.9103289e-05, 5.722046e-06, 0.64309835, -3.5464764e-06)
bone_name = "leg21.l"
joint_constraints/swing_span = 45.0
joint_constraints/twist_span = 180.0
joint_constraints/bias = 0.3
joint_constraints/softness = 0.8
joint_constraints/relaxation = 1.0

[node name="CollisionShape3D" type="CollisionShape3D" parent="Esqueleto/Skeleton3D/PhysicalBoneSimulator3D/Physical Bone leg21_l" index="0" unique_id=2132980380]
transform = Transform3D(1, 0, 0, 0, 0, 1, 0, -1, 0, 0, 0, 0)
shape = SubResource("CapsuleShape3D_gqd3i")

[node name="Physical Bone leg12_l" type="PhysicalBone3D" parent="Esqueleto/Skeleton3D/PhysicalBoneSimulator3D" index="11" unique_id=1353134972]
transform = Transform3D(0.256866, -0.8545373, -0.45142654, -0.7055402, -0.48502722, 0.51668346, -0.6604794, 0.18578112, -0.72749734, 1.6228898, 1.7362821, 1.3621092)
joint_type = 1
joint_offset = Transform3D(1, 0, 0, 0, 1, 0, 0, 0, 1, 1.4021331e-05, 1.6114416e-05, 0.6354172)
body_offset = Transform3D(1.0000001, 3.144145e-06, -1.92523e-05, -1.9282103e-05, -1.1980534e-05, -1.0000002, -3.1515956e-06, 1, -1.2040138e-05, -1.7881393e-06, 0.6354174, -8.46386e-06)
bone_name = "leg12.l"
joint_constraints/bias = 0.3
joint_constraints/damping = 1.0
joint_constraints/impulse_clamp = 0.0

[node name="CollisionShape3D" type="CollisionShape3D" parent="Esqueleto/Skeleton3D/PhysicalBoneSimulator3D/Physical Bone leg12_l" index="0" unique_id=1753985133]
transform = Transform3D(1, 0, 0, 0, 0, 1, 0, -1, 0, 0, 0, 0)
shape = SubResource("CapsuleShape3D_mautr")

[node name="Physical Bone leg11_l_001" type="PhysicalBone3D" parent="Esqueleto/Skeleton3D/PhysicalBoneSimulator3D" index="12" unique_id=1348347195]
transform = Transform3D(0.34668237, -0.21002036, -0.9141679, -0.91134155, -0.30605146, -0.27529845, -0.22196412, 0.9285602, -0.2975029, 1.0779588, 1.410537, 0.47279412)
joint_type = 2
joint_offset = Transform3D(1, 0, 0, 0, 1, 0, 0, 0, 1, -3.5316234e-06, 5.111261e-06, 0.56583977)
body_offset = Transform3D(1, 2.399087e-06, 2.6598573e-06, 2.6747584e-06, -3.33786e-06, -1, -2.3692846e-06, 1, -3.3974648e-06, 2.026558e-06, 0.56583977, -3.1888485e-06)
bone_name = "leg11.l.001"
joint_constraints/swing_span = 45.0
joint_constraints/twist_span = 180.0
joint_constraints/bias = 0.3
joint_constraints/softness = 0.8
joint_constraints/relaxation = 1.0

[node name="CollisionShape3D" type="CollisionShape3D" parent="Esqueleto/Skeleton3D/PhysicalBoneSimulator3D/Physical Bone leg11_l_001" index="0" unique_id=1187002075]
transform = Transform3D(1, 0, 0, 0, 0, 1, 0, -1, 0, 0, 0, 0)
shape = SubResource("CapsuleShape3D_ho3mf")

[node name="Physical Bone leg22_l" type="PhysicalBone3D" parent="Esqueleto/Skeleton3D/PhysicalBoneSimulator3D" index="13" unique_id=462054676]
transform = Transform3D(0.16073833, -0.5484462, -0.8205913, -0.5808905, -0.72472733, 0.37058952, -0.7979533, 0.4171057, -0.43507865, 2.10719, 1.3350251, 0.91260725)
joint_type = 1
joint_offset = Transform3D(1, 0, 0, 0, 1, 0, 0, 0, 1, -7.462911e-06, -3.9544764e-05, 0.6239756)
body_offset = Transform3D(0.99999976, -1.129508e-05, 2.1129847e-05, 2.1100044e-05, 7.7307224e-05, -0.9999999, 1.1175871e-05, 0.99999976, 7.7322125e-05, -5.722046e-06, 0.6239755, -8.702278e-06)
bone_name = "leg22.l"
joint_constraints/bias = 0.3
joint_constraints/damping = 1.0
joint_constraints/impulse_clamp = 0.0

[node name="CollisionShape3D" type="CollisionShape3D" parent="Esqueleto/Skeleton3D/PhysicalBoneSimulator3D/Physical Bone leg22_l" index="0" unique_id=653346504]
transform = Transform3D(1, 0, 0, 0, 0, 1, 0, -1, 0, 0, 0, 0)
shape = SubResource("CapsuleShape3D_7apjh")

[node name="Physical Bone leg31_l" type="PhysicalBone3D" parent="Esqueleto/Skeleton3D/PhysicalBoneSimulator3D" index="14" unique_id=1882227448]
transform = Transform3D(0.57719195, 0.19285801, -0.7935082, -0.81411386, 0.06000247, -0.5775971, -0.06378177, 0.9793904, 0.19164132, 1.0571721, 1.6295886, -0.09201588)
joint_type = 2
joint_offset = Transform3D(1, 0, 0, 0, 1, 0, 0, 0, 1, 1.7874601e-05, 1.9473368e-06, 0.6489131)
body_offset = Transform3D(1.0000001, -5.2154064e-08, 8.920208e-06, 8.855015e-06, -5.0514936e-06, -1.0000001, 1.0058284e-07, 1.0000001, -5.0216913e-06, -2.3663044e-05, 0.64891315, 1.3113022e-06)
bone_name = "leg31.l"
joint_constraints/swing_span = 45.0
joint_constraints/twist_span = 180.0
joint_constraints/bias = 0.3
joint_constraints/softness = 0.8
joint_constraints/relaxation = 1.0

[node name="CollisionShape3D" type="CollisionShape3D" parent="Esqueleto/Skeleton3D/PhysicalBoneSimulator3D/Physical Bone leg31_l" index="0" unique_id=134158367]
transform = Transform3D(1, 0, 0, 0, 0, 1, 0, -1, 0, 0, 0, 0)
shape = SubResource("CapsuleShape3D_qh5fr")

[node name="Physical Bone leg32_l" type="PhysicalBone3D" parent="Esqueleto/Skeleton3D/PhysicalBoneSimulator3D" index="15" unique_id=1875886059]
transform = Transform3D(-0.6564247, -0.22102556, -0.72128654, -0.4757106, -0.6207825, 0.62316006, -0.58549637, 0.75218135, 0.30235276, 1.962886, 1.6667377, -0.38019395)
joint_type = 1
joint_offset = Transform3D(1, 0, 0, 0, 1, 0, 0, 0, 1, 1.7641614e-05, 1.9659592e-05, 0.5418073)
body_offset = Transform3D(1.0000002, -1.5377998e-05, -2.7939677e-05, -2.7924776e-05, -6.4224005e-06, -1.0000001, 1.552701e-05, 1.0000004, -6.362796e-06, -2.503395e-06, 0.54180735, -1.6212463e-05)
bone_name = "leg32.l"
joint_constraints/bias = 0.3
joint_constraints/damping = 1.0
joint_constraints/impulse_clamp = 0.0

[node name="CollisionShape3D" type="CollisionShape3D" parent="Esqueleto/Skeleton3D/PhysicalBoneSimulator3D/Physical Bone leg32_l" index="0" unique_id=1646818423]
transform = Transform3D(1, 0, 0, 0, 0, 1, 0, -1, 0, 0, 0, 0)
shape = SubResource("CapsuleShape3D_4dlq0")

[node name="Physical Bone leg41_l" type="PhysicalBone3D" parent="Esqueleto/Skeleton3D/PhysicalBoneSimulator3D" index="16" unique_id=1491847257]
transform = Transform3D(0.6600899, 0.21388435, -0.72009367, -0.7471292, 0.28643066, -0.5997962, 0.07796986, 0.93392235, 0.34886923, 1.0304455, 1.6736195, -0.65017134)
joint_type = 2
joint_offset = Transform3D(1, 0, 0, 0, 1, 0, 0, 0, 1, 6.893443e-06, 1.5048575e-05, 0.6513819)
body_offset = Transform3D(1.0000001, -3.1366944e-06, -6.556511e-06, -6.429851e-06, -1.1771917e-05, -1.0000001, 3.1515956e-06, 1.0000002, -1.180172e-05, -2.6226044e-06, 0.65138197, -7.3611736e-06)
bone_name = "leg41.l"
joint_constraints/swing_span = 45.0
joint_constraints/twist_span = 180.0
joint_constraints/bias = 0.3
joint_constraints/softness = 0.8
joint_constraints/relaxation = 1.0

[node name="CollisionShape3D" type="CollisionShape3D" parent="Esqueleto/Skeleton3D/PhysicalBoneSimulator3D/Physical Bone leg41_l" index="0" unique_id=1603151844]
transform = Transform3D(1, 0, 0, 0, 0, 1, 0, -1, 0, 0, 0, 0)
shape = SubResource("CapsuleShape3D_25au8")

[node name="Physical Bone leg42_l" type="PhysicalBone3D" parent="Esqueleto/Skeleton3D/PhysicalBoneSimulator3D" index="17" unique_id=1323861731]
transform = Transform3D(-0.6276366, -0.30299264, -0.7171247, -0.26357812, -0.78404874, 0.5619557, -0.73252916, 0.5417223, 0.41223544, 2.0034547, 1.6693604, -1.1671168)
joint_type = 1
joint_offset = Transform3D(1, 0, 0, 0, 1, 0, 0, 0, 1, -1.1293153e-06, -3.6450383e-06, 0.7027814)
body_offset = Transform3D(1.0000001, -1.5377998e-05, -8.940697e-08, -2.9802322e-08, -1.66893e-05, -1.0000001, 1.5169382e-05, 0.9999999, -1.6525388e-05, 1.1920929e-06, 0.70278144, 1.5258789e-05)
bone_name = "leg42.l"
joint_constraints/bias = 0.3
joint_constraints/damping = 1.0
joint_constraints/impulse_clamp = 0.0

[node name="CollisionShape3D" type="CollisionShape3D" parent="Esqueleto/Skeleton3D/PhysicalBoneSimulator3D/Physical Bone leg42_l" index="0" unique_id=2038794336]
transform = Transform3D(1, 0, 0, 0, 0, 1, 0, -1, 0, 0, 0, 0)
shape = SubResource("CapsuleShape3D_nk50o")

[node name="Physical Bone leg21_r" type="PhysicalBone3D" parent="Esqueleto/Skeleton3D/PhysicalBoneSimulator3D" index="18" unique_id=1442555003]
transform = Transform3D(0.5329578, 0.70833594, 0.4628351, 0.8255081, -0.55533934, -0.100671165, 0.18572155, 0.4357276, -0.88070935, -0.71846956, 1.3062499, 1.0932279)
joint_type = 2
joint_offset = Transform3D(1, 0, 0, 0, 1, 0, 0, 0, 1, -3.288632e-08, -7.336871e-06, 0.6431144)
body_offset = Transform3D(1, 1.01700425e-05, -1.3411045e-07, -1.0430813e-07, 4.827976e-06, -1.0000001, -1.0073185e-05, 1, 4.827976e-06, 1.1920929e-07, 0.64311445, 4.23193e-06)
bone_name = "leg21.r"
joint_constraints/swing_span = 45.0
joint_constraints/twist_span = 180.0
joint_constraints/bias = 0.3
joint_constraints/softness = 0.8
joint_constraints/relaxation = 1.0

[node name="CollisionShape3D" type="CollisionShape3D" parent="Esqueleto/Skeleton3D/PhysicalBoneSimulator3D/Physical Bone leg21_r" index="0" unique_id=719987143]
transform = Transform3D(1, 0, 0, 0, 0, 1, 0, -1, 0, 0, 0, 0)
shape = SubResource("CapsuleShape3D_325t2")

[node name="Physical Bone leg12_r" type="PhysicalBone3D" parent="Esqueleto/Skeleton3D/PhysicalBoneSimulator3D" index="19" unique_id=1738814160]
transform = Transform3D(0.07375365, 0.93822736, 0.33806786, 0.9605583, -0.15797038, 0.22885185, 0.26811978, 0.3078552, -0.9128729, -1.2307134, 1.225476, 2.2396235)
joint_type = 1
joint_offset = Transform3D(1, 0, 0, 0, 1, 0, 0, 0, 1, 7.0021335e-05, -0.0001967659, 0.6353914)
body_offset = Transform3D(0.9999999, -0.0005153641, -0.000115051866, -0.00011484325, 0.0002962947, -0.99999976, 0.0005154684, 0.99999976, 0.00029620528, 2.9802322e-06, 0.63539124, 8.523464e-06)
bone_name = "leg12.r"
joint_constraints/bias = 0.3
joint_constraints/damping = 1.0
joint_constraints/impulse_clamp = 0.0

[node name="CollisionShape3D" type="CollisionShape3D" parent="Esqueleto/Skeleton3D/PhysicalBoneSimulator3D/Physical Bone leg12_r" index="0" unique_id=1692439798]
transform = Transform3D(1, 0, 0, 0, 0, 1, 0, -1, 0, 0, 0, 0)
shape = SubResource("CapsuleShape3D_bagrn")

[node name="Physical Bone leg11_r_001" type="PhysicalBone3D" parent="Esqueleto/Skeleton3D/PhysicalBoneSimulator3D" index="20" unique_id=441675494]
transform = Transform3D(0.46368802, -0.14239171, 0.87448156, 0.81253064, -0.3251814, -0.4837882, 0.3532526, 0.9348699, -0.03508509, -1.0554628, 1.5284929, 0.32430887)
joint_type = 2
joint_offset = Transform3D(1, 0, 0, 0, 1, 0, 0, 0, 1, 4.193588e-06, 1.921172e-06, 0.5658094)
body_offset = Transform3D(1, 3.7252903e-06, -7.200986e-06, -7.139519e-06, -1.7136335e-06, -0.9999999, -3.6656857e-06, 1, -1.7099082e-06, -1.1920929e-07, 0.56580937, -9.536743e-07)
bone_name = "leg11.r.001"
joint_constraints/swing_span = 45.0
joint_constraints/twist_span = 180.0
joint_constraints/bias = 0.3
joint_constraints/softness = 0.8
joint_constraints/relaxation = 1.0

[node name="CollisionShape3D" type="CollisionShape3D" parent="Esqueleto/Skeleton3D/PhysicalBoneSimulator3D/Physical Bone leg11_r_001" index="0" unique_id=2074386314]
transform = Transform3D(1, 0, 0, 0, 0, 1, 0, -1, 0, 0, 0, 0)
shape = SubResource("CapsuleShape3D_p3gxo")

[node name="Physical Bone leg22_r" type="PhysicalBone3D" parent="Esqueleto/Skeleton3D/PhysicalBoneSimulator3D" index="21" unique_id=350219333]
transform = Transform3D(-0.3470294, 0.28693995, 0.8928808, 0.7860868, -0.43025297, 0.44379044, 0.51150584, 0.8558901, -0.07624928, -2.1073828, 1.5253412, 0.391742)
joint_type = 1
joint_offset = Transform3D(1, 0, 0, 0, 1, 0, 0, 0, 1, -2.2291706e-05, 5.026681e-06, 0.6239506)
body_offset = Transform3D(1, -4.7683716e-06, 1.5474856e-05, 1.5426427e-05, 4.686415e-06, -0.9999998, 4.976988e-06, 1, 4.6491623e-06, 1.2636185e-05, 0.6239505, -7.927418e-06)
bone_name = "leg22.r"
joint_constraints/bias = 0.3
joint_constraints/damping = 1.0
joint_constraints/impulse_clamp = 0.0

[node name="CollisionShape3D" type="CollisionShape3D" parent="Esqueleto/Skeleton3D/PhysicalBoneSimulator3D/Physical Bone leg22_r" index="0" unique_id=1951323512]
transform = Transform3D(1, 0, 0, 0, 0, 1, 0, -1, 0, 0, 0, 0)
shape = SubResource("CapsuleShape3D_0dd2w")

[node name="Physical Bone leg31_r" type="PhysicalBone3D" parent="Esqueleto/Skeleton3D/PhysicalBoneSimulator3D" index="22" unique_id=1622240465]
transform = Transform3D(0.1610924, -0.0684475, 0.984563, 0.98691696, 0.017894125, -0.16023354, -0.0066503068, 0.9974943, 0.0704346, -1.1810962, 1.3587346, -0.013361398)
joint_type = 2
joint_offset = Transform3D(1, 0, 0, 0, 1, 0, 0, 0, 1, -1.7068248e-06, 2.5553145e-06, 0.64886093)
body_offset = Transform3D(0.99999976, 1.3787765e-05, 3.1816016e-06, 3.2160315e-06, -2.8163195e-06, -0.9999999, -1.3783108e-05, 1.0000001, -2.8014183e-06, -3.5762787e-07, 0.6488609, -7.376075e-07)
bone_name = "leg31.r"
joint_constraints/swing_span = 45.0
joint_constraints/twist_span = 180.0
joint_constraints/bias = 0.3
joint_constraints/softness = 0.8
joint_constraints/relaxation = 1.0

[node name="CollisionShape3D" type="CollisionShape3D" parent="Esqueleto/Skeleton3D/PhysicalBoneSimulator3D/Physical Bone leg31_r" index="0" unique_id=1398535843]
transform = Transform3D(1, 0, 0, 0, 0, 1, 0, -1, 0, 0, 0, 0)
shape = SubResource("CapsuleShape3D_tj5kv")

[node name="Physical Bone leg32_r" type="PhysicalBone3D" parent="Esqueleto/Skeleton3D/PhysicalBoneSimulator3D" index="23" unique_id=848676361]
transform = Transform3D(-0.20412894, 0.17968804, 0.9623116, 0.5518562, -0.7908068, 0.2647254, 0.80857044, 0.58509576, 0.06226457, -2.341384, 1.3192943, -0.09280625)
joint_type = 1
joint_offset = Transform3D(1, 0, 0, 0, 1, 0, 0, 0, 1, -2.3010862e-06, 6.906189e-06, 0.54180104)
body_offset = Transform3D(1.0000002, 3.427267e-06, 4.027039e-06, 4.027039e-06, -3.181398e-06, -0.9999999, -3.2484531e-06, 1.0000002, -3.285706e-06, 1.1920929e-07, 0.541801, -5.1259995e-06)
bone_name = "leg32.r"
joint_constraints/bias = 0.3
joint_constraints/damping = 1.0
joint_constraints/impulse_clamp = 0.0

[node name="CollisionShape3D" type="CollisionShape3D" parent="Esqueleto/Skeleton3D/PhysicalBoneSimulator3D/Physical Bone leg32_r" index="0" unique_id=1927314038]
transform = Transform3D(1, 0, 0, 0, 0, 1, 0, -1, 0, 0, 0, 0)
shape = SubResource("CapsuleShape3D_e1yhm")

[node name="Physical Bone leg41_r" type="PhysicalBone3D" parent="Esqueleto/Skeleton3D/PhysicalBoneSimulator3D" index="24" unique_id=591890993]
transform = Transform3D(0.5524584, -0.7139818, 0.43013927, 0.82530713, 0.5408937, -0.16217935, -0.116866514, 0.4445944, 0.8880755, -0.8415699, 1.3885634, -1.0014095)
joint_type = 2
joint_offset = Transform3D(1, 0, 0, 0, 1, 0, 0, 0, 1, -2.7665606e-06, 9.722804e-06, 0.6514032)
body_offset = Transform3D(1.0000002, 2.1137297e-05, -7.4654818e-06, -7.480383e-06, -7.3313713e-06, -1.0000002, -2.1170825e-05, 1.0000002, -7.3313713e-06, 7.6293945e-06, 0.65140337, -4.9471855e-06)
bone_name = "leg41.r"
joint_constraints/swing_span = 45.0
joint_constraints/twist_span = 180.0
joint_constraints/bias = 0.3
joint_constraints/softness = 0.8
joint_constraints/relaxation = 1.0

[node name="CollisionShape3D" type="CollisionShape3D" parent="Esqueleto/Skeleton3D/PhysicalBoneSimulator3D/Physical Bone leg41_r" index="0" unique_id=1571082343]
transform = Transform3D(1, 0, 0, 0, 0, 1, 0, -1, 0, 0, 0, 0)
shape = SubResource("CapsuleShape3D_pbxxu")

[node name="Physical Bone leg42_r" type="PhysicalBone3D" parent="Esqueleto/Skeleton3D/PhysicalBoneSimulator3D" index="25" unique_id=1269243418]
transform = Transform3D(-0.86733323, -0.22389287, 0.44452795, 0.4474045, -0.7420386, 0.4992074, 0.21808788, 0.631863, 0.7437653, -1.4341512, 1.14337, -2.1025548)
joint_type = 1
joint_offset = Transform3D(1, 0, 0, 0, 1, 0, 0, 0, 1, -1.17733625e-05, 2.3036919e-05, 0.7027879)
body_offset = Transform3D(1.0000006, -5.6773424e-06, 9.119511e-06, 9.134412e-06, -2.4408102e-05, -1.0000002, 5.722046e-06, 1.0000005, -2.4467707e-05, 5.364418e-06, 0.70278805, -5.841255e-06)
bone_name = "leg42.r"
joint_constraints/bias = 0.3
joint_constraints/damping = 1.0
joint_constraints/impulse_clamp = 0.0

[node name="CollisionShape3D" type="CollisionShape3D" parent="Esqueleto/Skeleton3D/PhysicalBoneSimulator3D/Physical Bone leg42_r" index="0" unique_id=1731666202]
transform = Transform3D(1, 0, 0, 0, 0, 1, 0, -1, 0, 0, 0, 0)
shape = SubResource("CapsuleShape3D_eyxkr")

[node name="AnimationPlayer" parent="." index="1" unique_id=478045808]
autoplay = &"idle"
